SAMPLEYR	Time	Transect	Richness	ROCK    	LITTER  	BARESOIL	FallPrec	SprTmax 
1958	1	1	8	27	30	26	30.21999931	15.77000046
1962	2	1	6	26	20	28	99.55999756	15.21000004
1967	3	1	8	30	24	30	43.43000031	12.76000023
1974	4	1	8	18	35	16	54.86000061	14
1981	5	1	10	23	22	9	24.37999916	14.32999992
1989	6	1	NA	NA	NA	NA	NA	NA
1994	7	1	7	26	26	23	10.15999985	16.90999985
2002	8	1	6	39	19	19	34.29000092	13.85999966
1958	1	2	5	25	26	33	30.21999931	15.78999996
1962	2	2	8	24	24	29	99.55999756	15.22999954
1967	3	2	6	21	16	41	43.43000031	12.77999973
1974	4	2	6	18	25	33	54.86000061	14.01000023
1981	5	2	6	19	28	14	24.37999916	14.35000038
1989	6	2	NA	NA	NA	NA	NA	NA
1994	7	2	6	10.5	41.5	29	10.15999985	16.92000008
2002	8	2	6	26	18	42	34.29000092	13.88000011
1958	1	3	7	56	17	16	33.77999878	11.78999996
1962	2	3	10	45	7	23	143.5099945	11.25
1967	3	3	8	28	14	37	56.38000107	8.909999847
1974	4	3	18	27	15	7	68.31999969	10.09000015
1981	5	3	12	10	37	0	57.40000153	10.42000008
1989	6	3	11	17	17	33	17.52000046	11
1994	7	3	7	26.5	14	17.5	21.07999992	12.96000004
2002	8	3	10	36	19	4	29.20999908	9.880000114
1958	1	4	8	53	10	20	33.77999878	11.92000008
1962	2	4	9	59	5	13	143.5099945	11.38000011
1967	3	4	6	45	9	30	56.38000107	9.039999962
1974	4	4	12	41	12	7	68.31999969	10.22000027
1981	5	4	13	35	24	3	57.40000153	10.55000019
1989	6	4	10	44	10	12	17.52000046	11.14000034
1994	7	4	8	53.5	18	7.5	21.07999992	13.09000015
2002	8	4	8	59	9	5	29.20999908	10.01000023
1958	1	5	13	15	23	20	41.13999939	11.86999989
1962	2	5	16	20	21	19	153.4100037	11.43999958
1967	3	5	9	4	51	13	75.43000031	9.25
1974	4	5	14	8	34	2	72.63999939	10.35999966
1981	5	5	11	5	28	1	41.65000153	10.68999958
1989	6	5	13	4	30	11	9.899999619	11.22000027
1994	7	5	11	2	32	11	32	13.15999985
2002	8	5	12	8	29	5	48.50999832	9.899999619
1958	1	6	9	5	32	30	41.13999939	12.02999973
1962	2	6	10	7	20	37	153.4100037	11.59000015
1967	3	6	14	5	29	12	75.43000031	9.399999619
1974	4	6	14	6	19	13	72.63999939	10.51000023
1981	5	6	10	3	23	9	41.65000153	10.84000015
1989	6	6	14	2	32	4	9.899999619	11.36999989
1994	7	6	9	3	22.5	16.5	32	13.31000042
2002	8	6	12	0	28	17	48.50999832	10.05000019
1958	1	7	NA	NA	NA	NA	NA	NA
1962	2	7	11	20	26	27	153.4100037	12.81999969
1967	3	7	12	7	29	26	75.43000031	10.56000042
1974	4	7	14	11	23	0	72.63999939	11.69999981
1981	5	7	9	6	40	0	41.65000153	12.02999973
1989	6	7	NA	NA	NA	NA	NA	NA
1994	7	7	5	0	14.5	35	32	14.56000042
2002	8	7	12	15	21	7	48.50999832	11.35000038
1958	1	8	NA	NA	NA	NA	NA	NA
1962	2	8	9	25	24	20	153.4100037	12.93000031
1967	3	8	10	23	15	20	75.43000031	10.67000008
1974	4	8	16	14	15	14	72.63999939	11.81000042
1981	5	8	12	11	18	4	41.65000153	12.14999962
1989	6	8	NA	NA	NA	NA	NA	NA
1994	7	8	10	8	29	27	32	14.67000008
2002	8	8	14	13	26	13	48.50999832	11.46000004
								
								
								
								
								
								
								
								
								
								
								
								
								
								
								
								
								
								
								
								
								
								
								
								
								
								
								
								
								
								
								
								
								
								
								
								
								
								
								
								
								
